0.54653
1.86349
6.89059
2.95755
2.51876
7.2186
3.07789
3.30824
10.9058
3.86768
7.36966
4.43879
9.86631
7.95113
3.68909
10.32
10.9638
7.689
7.44576
7.61107
7.98934
7.18343
7.49886
9.21335
10.2744
10.9305
4.57876
10.4214
10.9061
7.74279
4.50171
9.1302
7.96809
9.15524
8.05524
11.0165
11.4786
7.97621
10.3621
10.2271
11.1885
10.2397
12.9636
10.1086
13.2687
10.8914
14.6817
8.86283
10.794
10.43
12.8268
7.8805
12.3087
4.86698
12.6294
10.4861
12.9181
11.8618
12.0343
11.0592
13.4879
11.4377
12.4381
16.4052
18.3118
13.7471
16.4551
18.2252
13.5036
10.7978
11.5646
14.1808
15.4732
13.9203
16.0375
12.3954
16.8558
12.7832
10.352
13.3812
13.1075
14.3926
11.2695
12.749
18.9459
14.1584
11.1698
11.331
11.3853
12.8532
14.2488
17.9459
9.381
12.5586
14.8016
13.5867
19.4447
18.4308
11.44
11.4909
13.0449
16.1127
10.7329
15.2524
13.2934
13.9317
10.9198
11.7419
21.4502
10.9125
10.9907
15.133
13.0982
16.3377
16.3811
14.7211
17.6837
16.1458
17.737
11.3135
14.3516
11.4096
13.6263
13.5034
9.53396
14.9208
14.183
9.66201
14.6512
