1
0.99
0.99
0.99
0.99
0.99
0.99
0.9801
0.9801
0.9801
0.9801
0.9801
0.9801
0.9801
0.9801
0.9801
0.9801
0.9801
0.9801
0.9801
0.9801
0.9801
0.9801
0.9801
0.970299
0.970299
0.970299
0.970299
0.970299
0.970299
0.970299
0.970299
0.970299
0.970299
0.970299
0.970299
0.970299
0.970299
0.970299
0.970299
0.970299
0.970299
0.970299
0.970299
0.970299
0.970299
0.970299
0.970299
0.970299
0.970299
0.970299
0.970299
0.970299
0.970299
0.970299
0.970299
0.970299
0.970299
0.970299
0.970299
0.970299
0.970299
0.960596
0.960596
0.960596
0.960596
0.960596
0.960596
0.960596
0.960596
0.960596
0.960596
0.960596
0.960596
0.960596
0.960596
0.960596
0.960596
0.960596
0.960596
0.960596
0.960596
0.960596
0.960596
0.960596
0.960596
0.960596
0.960596
0.960596
0.960596
0.960596
0.960596
0.960596
0.960596
0.960596
0.960596
0.960596
0.960596
0.960596
0.960596
0.960596
0.960596
0.960596
0.960596
0.960596
0.960596
0.960596
0.960596
0.960596
0.960596
0.960596
0.960596
0.960596
0.960596
0.960596
0.960596
0.960596
0.960596
0.960596
0.960596
0.960596
0.960596
0.960596
0.960596
0.960596
0.960596
0.960596
0.960596
0.960596
